0000000
0000010
0000100
0000110
0001000
0001010
0001100
0001110
0010000
0010010
0010100
0010110
0011000
0011010
0011100
0011110
0100000
0100010
0100100
0100110
0101000
0101010
0101100
0101110
0110000
0110010
0110100
0110110
0111000
0111010
0111100
0111110
1000000
1000010
1000100
1000110
1001000
1001010
1001100
1001110
1010000
1010010
1010100
1010110
1011000
1011010
1011100
1011110
1100000
1100010
1100100
1100110
1101000
1101010
1101100
1101110
1110000
1110010
1110100
1110110
1111000
1111010
1111100
1111111
